Num samples: 68
Num otus: 155942
Num observations (sequences): 13554532
Table density (fraction of non-zero values): 1.2782

Seqs/sample summary:
 Min: 13
 Max: 347809
 Median: 205470.0
 Mean: 199331.352941
 Std. dev.: 49975.5832161
 Median Absolute Deviation: 19310.5
 Default even sampling depth in
  core_qiime_analyses.py (just a suggestion): 164945

Seqs/sample detail:
 B.Ac.21.2.414761: 13
 B.C.21.2.414785: 14
 P.N.2.2.414779: 96768
 P.Ac.14.2.414743: 131634
 P.Ac.14.1.414787: 136514
 P.C.2.1.414763: 145375
 P.N.7.1.414798: 150176
 P.N.2.1.414757: 155019
 P.Ac.7.2.414807: 164945
 B.C.2.2.414791: 166631
 P.C.21.2.414808: 167765
 B.Ac.2.2.414750: 173367
 A.N.2.2.414760: 173575
 P.C.2.2.414775: 174070
 B.Ac.7.2.414774: 178473
 B.N.21.1.414778: 182852
 P.N.21.1.414788: 184893
 B.N.7.2.414805: 186940
 B.Ac.2.1.414789: 187884
 A.N.7.2.414765: 188461
 P.Ac.2.2.414744: 191304
 B.C.14.2.414786: 191820
 B.C.7.1.414810: 193513
 B.Ac.21.1.414803: 194606
 P.C.0.1.414806: 194690
 B.N.2.1.414772: 194836
 P.N.21.2.414764: 196385
 P.N.7.2.414754: 197636
 A.N.2.1.414746: 200768
 P.C.21.1.414796: 201016
 P.Ac.21.2.414793: 202134
 P.N.14.2.414747: 202328
 B.N.2.2.414777: 203941
 P.Ac.21.1.414759: 204652
 P.Ac.2.1.414770: 206288
 P.C.14.2.414771: 206594
 B.C.21.1.414804: 206968
 A.V.2.2.414801: 207779
 B.Ac.14.2.414766: 208122
 P.C.7.1.414758: 209062
 B.Ac.14.1.414753: 210409
 B.N.14.2.414752: 211622
 P.Ac.7.1.414802: 212821
 A.V.2.1.414755: 212836
 P.C.14.1.414773: 214817
 A.N.7.1.414745: 214837
 B.C.7.2.414776: 219229
 P.C.7.2.414749: 219277
 B.N.21.2.414768: 219519
 P.C.0.2.414751: 224278
 P.N.14.1.414792: 224314
 A.Ac.2.2.414782: 225247
 A.C.2.1.414780: 225331
 B.Ac.7.1.414800: 227448
 A.C.2.2.414783: 228278
 B.C.0.2.414756: 232012
 A.Ac.2.1.414799: 235273
 A.Ac.2.1.414748: 235513
 A.C.0.1.414795: 236906
 B.N.14.1.414781: 237898
 B.C.14.1.414784: 242830
 A.C.2.2.414762: 247566
 B.C.2.1.414790: 248501
 A.Ac.2.2.414797: 252975
 B.C.0.1.414809: 256111
 A.C.2.1.414769: 257334
 A.C.0.2.414767: 273730
 B.N.7.1.414794: 347809
