Num samples: 24
Num otus: 97210
Num observations (sequences): 4276294
Table density (fraction of non-zero values): 1.8329

Seqs/sample summary:
 Min: 69776
 Max: 233882
 Median: 176121.5
 Mean: 178178.916667
 Std. dev.: 38265.740577
 Median Absolute Deviation: 33065.5
 Default even sampling depth in
  core_qiime_analyses.py (just a suggestion): 131591

Seqs/sample detail:
 SBS2.OM2C0.ORG.414820: 69776
 SBS3.REF.MIN.414815: 131591
 IDF3.OM2C0.ORG.414822: 140533
 SBS3.OM2C0.ORG.414816: 141300
 SBS1.OM2C0.ORG.414817: 141838
 SBS1.REF.ORG.414831: 143856
 SBS3.OM2C0.MIN.414833: 159373
 SBS1.REF.MIN.414828: 162486
 SBS1.OM2C0.MIN.414814: 165803
 IDF2.OM2C0.MIN.414830: 172386
 IDF1.REF.ORG.414826: 174005
 IDF1.REF.MIN.414821: 174138
 SBS2.REF.ORG.414818: 178105
 IDF3.REF.ORG.414811: 181705
 SBS3.REF.ORG.414832: 187827
 IDF1.OM2C0.MIN.414824: 190533
 IDF3.OM2C0.MIN.414819: 208003
 IDF2.OM2C0.ORG.414829: 209987
 IDF2.REF.MIN.414827: 214373
 SBS2.REF.MIN.414823: 214388
 IDF3.REF.MIN.414825: 216861
 IDF1.OM2C0.ORG.414813: 231445
 IDF2.REF.ORG.414834: 232100
 SBS2.OM2C0.MIN.414812: 233882
