Num samples: 46
Num otus: 55456
Num observations (sequences): 8232183
Table density (fraction of non-zero values): 3.2271

Seqs/sample summary:
 Min: 87337
 Max: 345032
 Median: 164048.5
 Mean: 178960.5
 Std. dev.: 53881.4627225
 Median Absolute Deviation: 28821.5
 Default even sampling depth in
  core_qiime_analyses.py (just a suggestion): 110300

Seqs/sample detail:
 M26.533978: 87337
 M31.533961: 110300
 M23.533996: 118976
 M18.533964: 119620
 M14.533974: 122851
 M27.533971: 126781
 M29.533955: 129563
 M17.533963: 132962
 M15.533977: 134412
 M35.533969: 136042
 M22.533954: 137895
 M24.533997: 140885
 M34.533967: 141742
 C1.533959: 142174
 M30.533965: 147465
 M40.533979: 150133
 M37.533988: 154312
 M39.533953: 154834
 M44.533951: 157189
 M33.533976: 158483
 M25.533992: 162029
 M16.533966: 163257
 M38.533987: 164008
 M10.533956: 164089
 C2.533995: 165546
 M42.533985: 169031
 M12.533968: 170663
 M32.533975: 177272
 M11.533989: 184347
 M7.533981: 185373
 M3.533973: 186228
 M13.533970: 187380
 M21.533958: 196009
 M36.533972: 199304
 M43.533980: 202195
 M20.533986: 207262
 M5b.533952: 215073
 M5a.533960: 225272
 M41.533984: 231617
 M6.533983: 263245
 M8.533991: 263988
 M28.533994: 264829
 M4.533962: 265284
 M2.533982: 272876
 M1.533993: 297018
 M9.533957: 345032
