Num samples: 24
Num otus: 100782
Num observations (sequences): 5090619
Table density (fraction of non-zero values): 2.1046

Seqs/sample summary:
 Min: 5
 Max: 623421
 Median: 199861.0
 Mean: 212109.125
 Std. dev.: 101719.02629
 Median Absolute Deviation: 32874.5
 Default even sampling depth in
  core_qiime_analyses.py (just a suggestion): 132482

Seqs/sample detail:
 NZFACE.R5.control.604755: 5
 NZFACE.R4.control.19.8.604758: 120481
 NZFACE.R4.warm.604742: 132482
 NZFACE.R2.control.23.4.604737: 155526
 NZFACE.R5.Browntop.604739: 162026
 NZFACE.R5.warm.604748: 171947
 NZFACE.R6.control.604757: 185428
 NZFACE.R5.Ryegrass.604741: 189392
 NZFACE.R2.Ryegrass.24.4.604750: 196749
 NZFACE.R3.control.19.4.604756: 197025
 NZFACE.R4.Ryegrass.16.4.604740: 197501
 NZFACE.R2.Browntop.604752: 199019
 NZFACE.R3.Browntop.604759: 200703
 NZFACE.R6.Browntop.604751: 205364
 NZFACE.R1.warm.604749: 214312
 NZFACE.R6.warm.604754: 214315
 NZFACE.R2.warm.604736: 221842
 NZFACE.R1.control.19.4.604738: 238659
 NZFACE.R4.Browntop.604746: 241129
 NZFACE.R3.warm.604745: 247406
 NZFACE.R1.Ryegrass.26.4.604743: 247982
 NZFACE.R3.Ryegrass.19.7.604744: 251994
 NZFACE.R6.Ryegrass.604753: 275911
 NZFACE.R1.Browntop.604747: 623421
