Num samples: 89
Num otus: 179132
Num observations (sequences): 44247544
Table density (fraction of non-zero values): 2.7754

Seqs/sample summary:
 Min: 152840
 Max: 881314
 Median: 512909.0
 Mean: 497163.41573
 Std. dev.: 144374.911755
 Median Absolute Deviation: 92385.0
 Default even sampling depth in
  core_qiime_analyses.py (just a suggestion): 306254

Seqs/sample detail:
 RMK.ENR.16.2.608850: 152840
 RMK.ENR.24.2.608868: 205299
 RMK.ENR.23.2.608865: 231414
 RMK.ENR.18.2.608827: 251320
 RMK.ENR.4.2.608887: 273181
 RMK.ENR.10.1.608880: 276477
 RMK.ENR.6.1.608882: 303455
 RMK.ENR.16.1.608885: 306254
 RMK.ENR.20.1.608832: 307391
 RMK.ENR.19.1.608821: 310149
 RMK.ENR.22.2.608817: 315335
 RMK.ENR.14.2.608830: 322170
 RMK.ENR.18.1.608809: 325480
 RMK.ENR.13.1.608881: 328743
 RMK.ENR.21.2.608874: 361866
 FRX6.120710.2.608855: 363700
 RMK.ENR.19.2.608840: 365068
 RMK.ENR.12.2.608826: 368403
 RMK.ENR.1.1.608833: 372183
 FRX7.120710.2.608812: 379351
 RMK.ENR.9.1.608836: 383149
 RMK.ENR.15.1.608892: 391212
 VAN65.120210.1.608879: 395874
 RMK.ENR.30.2.608875: 400636
 ELB18.111810.2.608844: 403285
 RMK.ENR.7.1.608810: 411312
 RMK.ENR.26.2.608854: 420524
 ELB15.111810.2.608857: 426739
 RMK.ENR.11.2.608831: 427006
 RMK.ENR.4.1.608889: 433521
 FRX7.120710.1.608883: 434135
 RMK.ENR.5.2.608829: 436227
 RMK.ENR.5.1.608858: 436482
 VAN45.120210.2.608864: 442031
 RMK.ENR.25.2.608816: 469918
 RMK.ENR.21.1.608837: 470824
 RMK.ENR.8.2.608877: 471523
 RMK.ENR.17.2.608861: 482059
 RMK.ENR.6.2.608871: 482914
 RMK.ENR.2.1.608846: 485711
 ELB6.111810.1.608818: 493437
 RMK.ENR.14.1.608862: 498398
 RMK.ENR.7.2.608808: 500277
 RMK.ENR.29.2.608842: 512347
 RMK.ENR.30.1.608848: 512909
 RMK.ENR.23.1.608813: 514326
 RMK.ENR.27.2.608866: 517128
 ELB15.111810.1.608886: 517154
 VAN35.120210.2.608845: 519371
 RMK.ENR.35.2.608851: 520453
 RMK.ENR.25.1.608867: 520889
 VAN35.120210.1.608825: 525317
 RMK.ENR.8.1.608814: 525636
 VAN20.120210.1.608873: 527252
 FRX6.120710.1.608863: 538028
 RMK.ENR.28.2.608815: 540381
 RMK.ENR.24.1.608876: 549644
 RMK.ENR.3.1.608820: 549827
 RMK.ENR.13.2.608869: 550621
 RMK.ENR.11.1.608849: 554411
 RMK.ENR.17.1.608824: 557070
 RMK.ENR.9.2.608822: 557602
 RMK.ENR.32.1.608884: 560832
 FRX9.120710.1.608878: 566162
 RMK.ENR.10.2.608828: 573655
 RMK.ENR.33.2.608870: 585614
 RMK.ENR.31.1.608852: 588105
 VAN20.120210.2.608806: 588381
 RMK.ENR.20.2.608834: 594704
 RMK.ENR.35.1.608811: 596550
 RMK.ENR.12.1.608823: 597600
 RMK.ENR.34.1.608853: 612189
 RMK.ENR.28.1.608843: 616700
 RMK.ENR.27.1.608888: 616862
 VAN45.120210.1.608807: 617675
 RMK.ENR.33.1.608859: 622975
 RMK.ENR.15.2.608838: 630989
 RMK.ENR.29.1.608819: 656766
 VAN65.120210.2.608847: 658369
 ELB6.111810.2.608805: 659197
 ELB18.111810.1.608860: 680319
 RMK.ENR.34.2.608893: 680598
 FRX7.120910.2.608839: 687736
 RMK.ENR.31.2.608835: 711626
 RMK.ENR.36.2.608841: 742827
 RMK.ENR.26.1.608891: 789415
 RMK.ENR.36.1.608856: 842123
 RMK.ENR.22.1.608872: 860622
 RMK.ENR.32.2.608890: 881314
