Num samples: 21
Num otus: 92391
Num observations (sequences): 3695152
Table density (fraction of non-zero values): 1.9045

Seqs/sample summary:
 Min: 134165
 Max: 217793
 Median: 174977.0
 Mean: 175959.619048
 Std. dev.: 25894.9445452
 Median Absolute Deviation: 25169.0
 Default even sampling depth in
  core_qiime_analyses.py (just a suggestion): 134165

Seqs/sample detail:
 MF2.2.414850: 134165
 HR2.414844: 134881
 HR3.414837: 137619
 MF1.414846: 143782
 DC2.414841: 148418
 DIRT14.414840: 160753
 CH3.414847: 163614
 HR1.414854: 167102
 DC1.414835: 170545
 CH1.414839: 172933
 DIRT12.414842: 174977
 MR3.414843: 178868
 DC3.414838: 183055
 SP1.414852: 183745
 MF2.1.414849: 191444
 MR2.414851: 200146
 CH2.414853: 201268
 SP3.414845: 205320
 DIRT08.414848: 208193
 SP2.414855: 216531
 MR1.414836: 217793
