Num samples: 97
Num otus: 88806
Num observations (sequences): 19591965
Table density (fraction of non-zero values): 2.2744

Seqs/sample summary:
 Min: 1
 Max: 1656612
 Median: 113837.0
 Mean: 201979.020619
 Std. dev.: 294429.707885
 Median Absolute Deviation: 81076.0
 Default even sampling depth in
  core_qiime_analyses.py (just a suggestion): 1

Seqs/sample detail:
 C2.0m.G3.608772: 1
 C2.5m.L3.608687: 1
 C3.3m.L3.608743: 1
 C4.10m.L3.608716: 1
 C4.5m.L3.608791: 1
 C5.5m.G3.608702: 1
 C6.5m.G3.608774: 1
 C6.0m.L3.608739: 2
 C10.0m.L3.608717: 3
 C5.3m.G3.608744: 5
 C2.3m.G3.608799: 8
 C2.3m.L3.608745: 61
 C11.5m.L3.608678: 3010
 C10.10m.G3.608688: 12172
 IC3.S2.G3.608760: 15946
 C9.3m.G3.608685: 21489
 AcidLow1.G3.608734: 23704
 C11.0m.L3.608741: 23847
 C9.3m.L3.608695: 24644
 C9.0m.L3.608804: 26827
 C6.3m.G3.608727: 28073
 C11.5m.G3.608755: 28688
 C9.0m.G3.608738: 30512
 C10.5m.L3.608735: 32761
 IC4.S3.G3.608733: 36187
 C10.5m.G3.608712: 36695
 C11.10m.L3.608793: 37359
 IC4.S2.G3.608757: 43323
 C10.3m.L3.608704: 48552
 IC4.S2.L3.608768: 48794
 IC4.S1.L3.608693: 52103
 IC3.S3.G3.608731: 63935
 C11.3m.L3.608676: 70603
 IC1.S1.G3.608776: 72021
 IC2.S1.G3.608802: 73776
 C8.10m.G3.608691: 89527
 AcidLow2.G3.608750: 94515
 C8.0m.G3.608726: 100513
 AcidLow3.L3.608697: 100757
 AcidMid3.G3.608779: 100867
 C6.10m.L3.608729: 101553
 C9.5m.L3.608746: 102695
 C8.3m.G3.608732: 104976
 C7.10m.L3.608683: 106615
 C6.5m.L3.608698: 106805
 C11.0m.G3.608798: 109757
 C10.3m.G3.608737: 111693
 AcidCtrl2.G3.608679: 112128
 AcidCtrl3.L3.608710: 113837
 AcidMid1.G3.608753: 118300
 IC3.S1.G3.608709: 121366
 C7.3m.L3.608722: 130863
 AcidCtrl1.L3.608749: 134841
 IC1.S2.G3.608703: 135467
 C9.10m.G3.608788: 135776
 AcidLow2.L3.608708: 136823
 C8.3m.L3.608718: 137645
 C9.10m.L3.608775: 142522
 C9.5m.G3.608767: 143820
 AcidMid2.L3.608773: 145911
 C7.0m.G3.608794: 151438
 AcidLow1.L3.608795: 153402
 IC3.S3.L3.608721: 153442
 C10.0m.G3.608801: 153633
 C7.3m.G3.608756: 159475
 C8.5m.G3.608789: 161393
 C8.10m.L3.608699: 166790
 IC3.S2.L3.608700: 167183
 C7.5m.G3.608784: 170311
 AcidMid1.L3.608692: 175973
 C7.10m.G3.608723: 179201
 C11.3m.G3.608778: 189662
 AcidLow3.G3.608787: 199875
 C6.3m.L3.608730: 202065
 IC4.S1.G3.608762: 236032
 C7.0m.L3.608803: 237011
 IC3.S1.L3.608715: 238143
 IC1.S3.L3.608714: 242675
 IC2.S2.L3.608701: 264375
 IC1.S2.L3.608707: 274230
 AcidCtrl1.G3.608758: 287717
 AcidMid3.L3.608759: 291404
 IC1.S3.G3.608761: 292817
 C8.0m.L3.608790: 320832
 IC2.S3.G3.608785: 383418
 IC2.S3.L3.608740: 391502
 IC4.S3.L3.608766: 446228
 AcidCtrl3.G3.608736: 505952
 IC2.S2.G3.608763: 509757
 IC1.S1.L3.608771: 653970
 C11.10m.G3.608800: 663652
 IC2.S1.L3.608781: 869319
 C10.10m.L3.608780: 980014
 C7.5m.L3.608682: 1173777
 C8.5m.L3.608786: 1209602
 AcidCtrl2.L3.608711: 1284404
 C6.10m.G3.608751: 1656612
