Num samples: 95
Num otus: 168701
Num observations (sequences): 11146521
Table density (fraction of non-zero values): 0.6955

Seqs/sample summary:
 Min: 14961
 Max: 307680
 Median: 112400.0
 Mean: 117331.8
 Std. dev.: 61529.7703688
 Median Absolute Deviation: 47086.0
 Default even sampling depth in
  core_qiime_analyses.py (just a suggestion): 14961

Seqs/sample detail:
 Halls5R2.603123: 14961
 Stillton6R2.603171: 29219
 Halls8R2.603137: 30185
 HCanyon10R3.603109: 31141
 Halls6R1.603173: 31258
 HCanyon11R2.603120: 38097
 Halls3R2.603151: 38821
 HCanyon6R1.603121: 39746
 HCanyon12R2.603172: 40765
 HCanyon6R2.603113: 41670
 HCanyon10R2.603158: 42382
 Stillton4R1.603178: 43231
 HCanyon12R1.603196: 48219
 Stillton6R1.603193: 52241
 Stillton6R3.603175: 55190
 HCanyon11R3.603143: 56138
 Halls6R2.603168: 56537
 HCanyon9R2.603128: 57536
 HCanyon11R1.603104: 58278
 HCanyon10R1.603162: 61695
 HCanyon6R3.603157: 62084
 HCanyon7R1.603167: 62758
 HCanyon0R3.603176: 62869
 Halls4R2.603110: 65314
 HCanyon7R2.603174: 67702
 HCanyon8R3.603127: 69186
 Halls2R1.603125: 70139
 HCanyon12R3.603156: 71908
 Halls7R1.603160: 72239
 Halls4R1.603122: 75402
 HCanyon9R1.603154: 76183
 CrustControlR3.603140: 77266
 Halls2R2.603165: 78023
 HCanyon7R3.603186: 78807
 HCanyon9R3.603191: 82539
 CrustControlR1.603117: 83243
 Halls10R2.603161: 85156
 CrustControlR2.603145: 88226
 HCanyon8R2.603195: 88517
 HCanyon8R1.603133: 90191
 Halls8R1.603190: 91143
 Stillton10R3.603194: 93676
 Halls9R1.603114: 94390
 Halls9R2.603153: 101658
 Halls3R1.603105: 105702
 Halls5R1.603142: 109618
 HCanyon5R3.603150: 110197
 Stillton11R1.603184: 112400
 Stillton5R2.603189: 114613
 Stillton4R3.603169: 116388
 Stillton1R2.603148: 119371
 Stillton9R2.603170: 124451
 HCanyon1R1.603131: 126309
 Halls7R2.603197: 128560
 Stillton3R2.603136: 135761
 Stillton1R1.603149: 136031
 HCanyon5R1.603119: 136817
 HCanyon4R3.603124: 137575
 Stillton11R3.603139: 138831
 Stillton10R1.603192: 142537
 Stillton9R3.603181: 142733
 HCanyon2R2.603138: 143992
 Stillton10R2.603115: 144126
 Stillton9R1.603144: 146065
 Halls1R1.603155: 146778
 Halls10R1.603166: 147615
 Stillton7R1.603129: 153511
 HCanyon5R2.603198: 155298
 Halls1R2.603182: 158049
 Stillton2R1.603130: 158725
 Stillton0R1.603118: 159473
 Stillton0R2.603159: 161455
 HCanyon4R2.603187: 164279
 HCanyon1R2.603111: 164763
 Stillton3R1.603152: 165338
 HCanyon3R1.603141: 165540
 Halls0R1.603177: 167239
 HCanyon3R2.603135: 170356
 HCanyon3R3.603146: 170376
 Stillton0R3.603134: 172362
 HCanyon2R3.603188: 175758
 Stillton7R3.603164: 175879
 HCanyon2R1.603112: 182245
 HCanyon4R1.603185: 182997
 Stillton3R3.603106: 184836
 Stillton4R2.603108: 185041
 Stillton2R2.603179: 193678
 Stillton7R2.603126: 194858
 HCanyon1R3.603183: 209693
 Stillton2R3.603116: 213667
 Halls0R2.603147: 240527
 Stillton8R3.603180: 241491
 Stillton8R1.603163: 261065
 HCanyon0R1.603107: 287943
 HCanyon0R2.603132: 307680
