Num samples: 65
Num otus: 176790
Num observations (sequences): 13094132
Table density (fraction of non-zero values): 1.1395

Seqs/sample summary:
 Min: 502
 Max: 363597
 Median: 209326.0
 Mean: 201448.184615
 Std. dev.: 78814.1698632
 Median Absolute Deviation: 45423.0
 Default even sampling depth in
  core_qiime_analyses.py (just a suggestion): 116279

Seqs/sample detail:
 KH5.488270: 502
 KH62.488304: 6393
 KH21.488310: 37455
 KH57.488314: 59345
 KH12.488316: 64426
 KH50.488309: 77804
 KH32.488273: 88026
 KH27.488296: 97464
 KH16.488295: 101075
 KH34.488293: 102246
 KH4.488274: 116279
 KH6.488262: 123008
 KH14.488284: 123336
 KH63.488311: 140491
 KH60.488319: 152098
 KH42.488308: 157367
 KH25.488287: 166359
 KH29.488306: 169747
 KH65.488325: 171292
 KH17.488279: 175697
 KH19.488277: 181682
 KH41.488303: 182573
 KH46.488269: 183083
 KH15.488292: 183796
 KH9.488318: 185434
 KH44.488298: 186316
 KH53.488271: 189431
 KH3.488305: 192481
 KH38.488313: 200663
 KH56.488294: 202626
 KH7.488307: 203002
 KH55.488272: 207655
 KH23.488264: 209326
 KH45.488261: 209482
 KH37.488286: 224875
 KH61.488323: 226131
 KH40.488263: 229154
 KH22.488268: 229367
 KH24.488285: 230025
 KH11.488288: 231607
 KH47.488324: 232255
 KH26.488320: 232572
 KH49.488322: 234571
 KH2.488302: 239544
 KH51.488291: 248479
 KH36.488282: 250613
 KH1.488321: 251171
 KH39.488312: 251900
 KH31.488278: 254749
 KH59.488283: 260912
 KH28.488276: 266393
 KH18.488275: 267307
 KH58.488297: 267691
 KH48.488300: 276814
 KH13.488281: 277962
 KH52.488267: 277970
 KH20.488317: 279238
 KH43.488315: 282398
 KH54.488290: 286587
 KH30.488265: 290349
 KH8.488301: 295129
 KH64.488299: 323139
 KH35.488280: 329294
 KH33.488289: 334379
 KH10.488266: 363597
