Num samples: 21
Num otus: 78211
Num observations (sequences): 4783632
Table density (fraction of non-zero values): 2.9125

Seqs/sample summary:
 Min: 102
 Max: 574122
 Median: 222248.0
 Mean: 227792.0
 Std. dev.: 113162.32335
 Median Absolute Deviation: 41193.0
 Default even sampling depth in
  core_qiime_analyses.py (just a suggestion): 157776

Seqs/sample detail:
 PLRP7.40.589058: 102
 PLRP2.42.589043: 356
 PLRP20.106.589042: 157776
 PLRP12.60.589051: 169224
 PLRP17.mat.589047: 181055
 PLRP10.146.589041: 187124
 PLRP18.10.589048: 189189
 PLRP16.mat.589059: 204363
 PLRP15.mat.589052: 207091
 PLRP14.150.589040: 208063
 PLRP11.85.589046: 222248
 PLRP5.55.589039: 239733
 PLRP19.35.589049: 239786
 PLRP3.85.589053: 243799
 PLRP9.146.589056: 254727
 PLRP13.35.589054: 268210
 PLRP6.70.589057: 287193
 PLRP4.35.589055: 307495
 PLRP1.50.589050: 311152
 PLRP8.41.589045: 330824
 PLRP21.150.589044: 574122
