Num samples: 42
Num otus: 67093
Num observations (sequences): 4463842
Table density (fraction of non-zero values): 1.5841

Seqs/sample summary:
 Min: 1
 Max: 566181
 Median: 115110.0
 Mean: 106281.952381
 Std. dev.: 111663.01465
 Median Absolute Deviation: 79279.0
 Default even sampling depth in
  core_qiime_analyses.py (just a suggestion): 1

Seqs/sample detail:
 CHA3.414563: 1
 CHB3.414566: 1
 CHA1.414604: 2
 CHD1.414569: 4
 CHC4.414603: 6
 CHC3.414581: 7
 CHC6.414579: 9
 CHA2.414567: 17
 CHC2.414606: 19
 CHC1.414574: 23
 CHF5.414597: 24
 CHB1.414593: 39
 CHC5.414587: 42
 CHC7.414605: 119
 CHC16.414592: 190
 CHB7.414578: 536
 CHB4.414582: 81881
 CHA10.414590: 98722
 CHD4.414580: 100546
 CHC12.414601: 105901
 CHD5.414595: 112726
 CHD11.414585: 117494
 CHD3.414577: 117743
 CHD10.414568: 120673
 CHB6.414576: 136646
 CHB5.414599: 139542
 CHF2.414594: 141437
 CHD2.414575: 147239
 CHB8.414584: 148222
 CHF1.414588: 151961
 CHC13.414598: 153592
 CHB9.414586: 154632
 CHC10.414570: 160933
 CHD9.414564: 167848
 CHA11.414591: 170888
 CHC11.414571: 171902
 CHA12.414583: 191457
 CHF6.414596: 197321
 CHD8.414600: 223973
 CHC9.414572: 248555
 CHC17.414573: 334788
 CHB2.414602: 566181
