Num samples: 96
Num otus: 190816
Num observations (sequences): 44567336
Table density (fraction of non-zero values): 2.4329

Seqs/sample summary:
 Min: 3
 Max: 2615338
 Median: 443665.0
 Mean: 464243.083333
 Std. dev.: 271118.520102
 Median Absolute Deviation: 88781.0
 Default even sampling depth in
  core_qiime_analyses.py (just a suggestion): 263498

Seqs/sample detail:
 ME04Dec09EB1R3.486684: 3
 ME13Jul06EB2R1.486675: 4
 ME06Oct06EB2R1.486652: 9
 ME10May08EB1R1.486639: 26
 ME08Jul04EB1R2.486673: 48
 ME23Jul07EB2R2.486692: 263498
 ME13Mar01EB1R2.486603: 269566
 ME22Apr01EB1R2.486614: 269934
 ME14Nov09EB1R2.486657: 276433
 ME22Aug06EB2R1.486686: 278543
 ME09Jun06EB2R1.486670: 280235
 ME29Apr09EB1R1.486682: 284115
 ME20Aug07EB2R2.486642: 292640
 ME05Jun08EB1R2.486634: 336033
 ME11Jun04EB1R2.486626: 337000
 ME20Apr10EB1R2.486608: 337519
 ME29May07EB2R1.486689: 340598
 ME27Sep07EB1R2.486604: 351665
 ME07May02EB1R2.486683: 353080
 ME13May03EB1R1.486656: 354341
 ME13Oct10EB1R1.486667: 355427
 ME19Nov10EB1R1.486655: 359167
 ME21May01EB2R2.486676: 359968
 ME05Jun02EB1R2.486681: 361094
 ME15Mar00EB1R2.486658: 371308
 ME3Dec10EB1R1.486693: 373062
 ME02Oct08EB2R1.486602: 376572
 ME01Nov07EB1R2.486645: 379793
 ME28Feb11EB1R1.486662: 384840
 ME07Aug08EB2R2.486629: 386075
 ME26Sep00EB2R1.486638: 386546
 ME04May06EB2R1.486611: 391933
 ME01Aug02EB1R1.486687: 394702
 ME17Apr02EB1R1.486668: 394821
 ME15Jun10EB1R2.486691: 397872
 ME19May04EB1R2.486669: 401456
 ME11Apr05EB2R2.486609: 402201
 ME12Oct04EB1R2.486635: 402860
 ME15Jul10EB1R1.486618: 404280
 ME10Oct05EB2R2.486663: 404662
 ME11May00EB1R2.486620: 406142
 ME15Oct03EB1R2.486690: 427397
 ME17Aug00EB2R1.486647: 429645
 ME01Jul02EB1R1.486661: 435213
 ME30Sep04EB1R2.486627: 436506
 ME09Jun09EB1R2.486654: 439542
 ME03Nov06EB2R1.486606: 441151
 ME22Jun05EB2R2.486631: 441721
 ME17Aug10EB1R1.486617: 445609
 ME02Jul01EB2R1.486619: 449049
 ME18May10EB1R2.486621: 453751
 ME28Feb02EB1R2.486612: 462640
 ME25Jun07EB2R1.486622: 462849
 ME14Sep10EB1R1.486601: 464084
 ME22Oct01EB2R1.486646: 477069
 ME17Jul00EB1R1.486624: 478989
 ME11Nov03EB1R2.486632: 479320
 ME24Oct00EB2R1.486660: 480538
 ME24Feb09EB1R2.486688: 481465
 ME07Aug03EB1R1.486643: 486163
 ME06Nov01EB1R1.486653: 488946
 ME08Sep06EB2R1.486640: 490788
 ME02Aug05EB2R2.486671: 498151
 ME08Sep03EB1R1.486607: 500250
 ME09Jun03EB1R1.486644: 506221
 ME28Nov00EB2R1.486666: 516532
 ME11May07EB1R2.486649: 521116
 ME26Feb10EB1R2.486605: 522960
 ME12Oct07EB1R2.486641: 533758
 ME29Jan10EB1R1.486625: 533811
 ME26Oct09EB2R1.486679: 538649
 ME26Sep01EB2R1.486628: 542014
 ME29Aug02EB1R1.486650: 550802
 ME27Sep09EB2R1.486648: 555692
 ME25May05EB2R2.486680: 557241
 ME14Apr00EB1R1.486694: 561226
 ME06Aug04EB2R1.486637: 565225
 ME27Jun03EB1R1.486633: 566894
 ME31Aug05EB2R1.486695: 574627
 ME20Nov02EB1R1.486674: 574995
 ME11Feb05EB2R1.486630: 577377
 ME08Nov05EB2R1.486664: 577584
 ME06Jun00EB1R2.486672: 580408
 ME02Sep04EB1R2.486665: 585508
 ME26Jun09EB1R1.486616: 604222
 ME26Aug09EB1R2.486610: 605536
 ME1Jun11EB1R1.486685: 606273
 ME24Sep02EB1R1.486659: 618627
 ME13Aug01EB2R3.486677: 642922
 ME30Jul09EB1R2.486678: 659854
 ME20Oct02EB1R1.486613: 671808
 ME04Jun01EB1R2.486615: 694807
 ME19Jan11EB1R1.486651: 696678
 ME19Sep05EB2R2.486636: 758224
 ME17Jan01EB1R1.486696: 979500
 ME3May11EB1R1.486623: 2615338
