Num samples: 13
Num otus: 119993
Num observations (sequences): 2610498
Table density (fraction of non-zero values): 1.6735

Seqs/sample summary:
 Min: 2
 Max: 775366
 Median: 176641.0
 Mean: 200807.538462
 Std. dev.: 183451.788551
 Median Absolute Deviation: 58093.0
 Default even sampling depth in
  core_qiime_analyses.py (just a suggestion): 96360

Seqs/sample detail:
 UW.community.garden.488665: 2
 Compost.488662: 11
 Wetland.soil.488664: 96360
 Arctic.Tundra.1.488666: 136921
 Temperate.deciduous.forest.488668: 146649
 Arctic.Tundra.2.488671: 166194
 Tar.sand.2.488667: 176641
 Temperate.rain.forest.488670: 178424
 Northern.peatlands.488672: 194222
 Agricultural.soil...wheat.488663: 234734
 Boreal.coniferous.forest.488673: 250650
 Tar.sand.1.488674: 254324
 Agricultural.soil...soy.488669: 775366
