Num samples: 12
Num otus: 40118
Num observations (sequences): 1784143
Table density (fraction of non-zero values): 3.7060

Seqs/sample summary:
 Min: 75
 Max: 207037
 Median: 161750.0
 Mean: 148678.583333
 Std. dev.: 52413.4406831
 Median Absolute Deviation: 25498.5
 Default even sampling depth in
  core_qiime_analyses.py (just a suggestion): 111262

Seqs/sample detail:
 CHRA.1.413974: 75
 CHDF1.413973: 111262
 CHRA3.413972: 119557
 CHRA2.413971: 138490
 CHDF2.413965: 156962
 HJDF2.413966: 161707
 CHDF3.413969: 161793
 HJRA3.413976: 172834
 HJRA.1.413967: 172914
 HJRA2.413975: 189487
 HJDF.1.413970: 192025
 HJDF3.413968: 207037
