Num samples: 37
Num otus: 115189
Num observations (sequences): 6163329
Table density (fraction of non-zero values): 1.4461

Seqs/sample summary:
 Min: 120
 Max: 410400
 Median: 162163.0
 Mean: 166576.459459
 Std. dev.: 62837.0024878
 Median Absolute Deviation: 20600.0
 Default even sampling depth in
  core_qiime_analyses.py (just a suggestion): 117780

Seqs/sample detail:
 P.Massambaba.SA.1.4.a.488593: 120
 P.Dois.Rios.HA.488597: 213
 I.Fundao.AC.414860: 110363
 P.Abraao.SA..414877: 117780
 P.Abraao.SB.414875: 131398
 L.Jacarepia.SA.414873: 132327
 I.Fundao.SA.414867: 140617
 I.Fundao.AB.414869: 145560
 L.Jacarepia.SB.1.6.488588: 147493
 P.Masambaba.SA.414862: 149489
 L.Vermelha.HC.414868: 150123
 P.Masambaba.HC.414863: 150718
 L.Vermelha.HB.414866: 151312
 P.Dois.Rios.SB.414865: 152289
 P.Abraao.AC.414864: 152916
 L.Vermelha.HC.a.488614: 154455
 I.Fundao.SB.414872: 155010
 P.Masambaba.SB.414876: 161802
 P.Dois.Rios.HB.414856: 162163
 P.Abraao.AB..414861: 167792
 P.Dois.Rios.HC.414859: 168885
 P.Dois.Rios.SA.414870: 169672
 P.Massambaba.SA.1.4.488595: 171805
 L.Vermelha.SB.414857: 172637
 L.Jacarepia.AC.414858: 174849
 L.Vermelha.SC.2.3.488581: 182763
 L.Jacarepia.HB.488602: 183283
 I.Fundao.SB.7.8.488612: 192865
 P.Masambaba.HB..414878: 198338
 L.Jacarepia.SB.414879: 201750
 L.Jacarepia.AB.414874: 203741
 P.Abraao.SA.1.4.488586: 205822
 P.Massambaba.HA.488591: 207702
 L.Vermelha.SA.414871: 211955
 P.Dois.Rios.SA.1.7.488600: 235897
 I.Fundao.HB.488596: 237025
 P.Abraao.HA.488590: 410400
