Num samples: 72
Num otus: 25464
Num observations (sequences): 9958355
Table density (fraction of non-zero values): 5.4316

Seqs/sample summary:
 Min: 12342
 Max: 1363176
 Median: 71323.5
 Mean: 138310.486111
 Std. dev.: 224132.685118
 Median Absolute Deviation: 42083.0
 Default even sampling depth in
  core_qiime_analyses.py (just a suggestion): 12342

Seqs/sample detail:
 B5.5.12.06.486130: 12342
 B3.5.15.06.486144: 13052
 B3.5.21.06.486105: 13228
 B5.5.7.06.486154: 13592
 B2.5.16.06.486137: 21541
 B6.5.7.06.486165: 22708
 B3.5.13.06.486128: 25060
 B3.5.8.06.486106: 25445
 B4.5.8.06.486117: 26593
 B3.5.17.06.486120: 28374
 B5.5.16.06.486108: 28873
 B1.5.12.06.486115: 28972
 B3.5.16.06.486161: 29509
 B6.5.9.06.486114: 29554
 2B2.5.6.06.486110: 36255
 B2.5.21.06.486166: 37428
 B6.5.13.06.486109: 38107
 B3.5.12.06.486148: 38172
 B2.5.17.06.486133: 38276
 B6.5.21.06.486127: 38418
 B5.5.21.06.486139: 40127
 B6.5.19.06.486164: 41910
 B2.5.11.06.486125: 42330
 B2.5.15.06.486112: 42814
 B2.5.6.06.486132: 49538
 B5.5.20.06.486170: 54531
 B1.5.20.06.486172: 56234
 B5.5.18.06.486121: 56594
 B5.5.9.06.486175: 57737
 B1.5.13.06.486136: 59669
 B1.5.17.06.486171: 59934
 B6.5.14.06.486146: 63147
 B1.5.21.06.486168: 68573
 B1.5.9.06.486147: 68881
 B5.5.10.06.486167: 69860
 B1.5.10.06.486123: 70965
 B2.5.13.06.486160: 71682
 B3.5.9.06.486126: 75604
 B6.5.11.06.486140: 76327
 B6.5.5.06.486156: 76370
 B5.5.8.06.486149: 87073
 B6.5.17.06.486174: 90009
 B1.5.8.06.486151: 92291
 B4.5.16.06.486118: 95966
 B6.5.10.06.486176: 97123
 B3.5.10.06.486159: 99400
 B5.5.6.06.486158: 105172
 B5.5.13.06.486124: 107807
 B2.5.7.06.486142: 115065
 B1.5.16.06.486145: 118084
 B5.5.15.06.486162: 121186
 B4.5.12.06.486135: 122485
 B6.5.12.06.486116: 122573
 B5.5.17.06.486131: 123083
 B5.5.19.06.486134: 123125
 B4.5.7.06.486141: 131695
 B2.5.18.06.486163: 132677
 B1.5.14.06.486173: 133400
 B1.5.18.06.486111: 139238
 B1.5.15.06.486157: 140470
 B3.5.19.06.486152: 142062
 B4.5.9.06.486138: 151070
 B1.5.11.06.486104: 195461
 B6.5.8.06.486119: 196070
 B6.5.16.06.486129: 268292
 B2.5.8.06.486143: 286071
 B1.5.7.06.486150: 339031
 B1.5.6.06.486153: 441682
 B5.5.14.06.486107: 742311
 B3.5.11.06.486113: 745088
 B2.5.9.06.486122: 1041793
 B2.5.10.06.486169: 1363176
