Num samples: 119
Num otus: 114954
Num observations (sequences): 19215887
Table density (fraction of non-zero values): 1.4047

Seqs/sample summary:
 Min: 1
 Max: 614078
 Median: 153603.0
 Mean: 161478.042017
 Std. dev.: 85492.7948483
 Median Absolute Deviation: 22341.0
 Default even sampling depth in
  core_qiime_analyses.py (just a suggestion): 105353

Seqs/sample detail:
 UQ325.591018: 1
 UQ033.591054: 4
 UQ114.591109: 10
 UQ11014.591119: 11
 UQ11019.591038: 24
 UQ11013.591041: 46
 UQ818.591096: 72106
 UQ517.591071: 73049
 UQ001.591110: 89260
 UQ392.591120: 91493
 UQ134.591061: 92274
 UQ013.591070: 98170
 UQ586.591098: 99040
 UQ510.591117: 105353
 UQ272.591081: 110573
 UQ223.591039: 112101
 UQ291.591085: 112819
 UQ870.591084: 113019
 UQ888.591108: 114614
 UQ168.591031: 115211
 UQ892.591121: 119230
 UQ11010.591049: 120774
 UQ11015.591035: 121245
 UQ609.591093: 122392
 UQ631.591032: 125624
 UQ085.591007: 126210
 UQ330.591024: 126907
 UQ804.591057: 127483
 UQ184.591034: 128922
 UQ089.591079: 130016
 UQ11123.1.4.591077: 131531
 UQ302.591115: 131601
 UQ373.591062: 132865
 UQ585.591017: 133031
 UQ362.591095: 133054
 UQ249.591094: 133694
 UQ356.591025: 133754
 UQ523.591103: 137735
 UQ861.591101: 139305
 UQ556.591060: 139621
 UQ807.591026: 140129
 UQ867.591107: 140493
 UQ801.591080: 140546
 UQ288.591065: 142297
 UQ592.591044: 142507
 UQ246.591046: 142716
 UQ382.591105: 143072
 UQ461.591064: 144196
 UQ858.591047: 144262
 UQ496.591051: 145817
 UQ361.591058: 145905
 UQ514.591113: 146843
 UQ215.591056: 147775
 UQ863.591086: 148859
 UQ562.591013: 149297
 UQ11111.2.9.591102: 150019
 UQ173.591012: 150206
 UQ205.591050: 152059
 UQ825.591090: 152131
 UQ377.591043: 153603
 UQ817.591114: 153639
 UQ886.591122: 154128
 UQ423.591014: 154462
 UQ862.591074: 154780
 UQ040.591023: 155255
 UQ100.591068: 155401
 UQ234.591042: 156060
 UQ311.591082: 156615
 UQ301.591067: 156687
 UQ171.591075: 156920
 UQ865.591076: 157816
 UQ415.591066: 160811
 UQ845.591063: 162070
 UQ802.591100: 163200
 UQ271.591016: 163420
 UQ879.591011: 164057
 UQ279.591097: 165255
 UQ299.591123: 165793
 UQ521.591036: 166291
 UQ405.591072: 169715
 UQ599.591029: 169902
 UQ829.591083: 171365
 UQ843.591027: 171707
 UQ014.591073: 171827
 UQ878.591106: 173521
 UQ11108.1.6.591033: 174304
 UQ864.591118: 175015
 UQ322.591053: 175709
 UQ852.591111: 175902
 UQ11007.591015: 175944
 UQ873.591020: 175996
 UQ491.591069: 176216
 UQ11017.591059: 178824
 UQ262.591092: 180421
 UQ832.591045: 186838
 UQ842.591091: 187071
 UQ422.591126: 190004
 UQ841.591040: 191121
 UQ351.591052: 192333
 UQ833.591112: 196475
 UQ872.591125: 197281
 UQ269.591022: 198931
 UQ855.591127: 199196
 UQ11127.591048: 202989
 UQ298.591021: 204809
 UQ632.591055: 205699
 UQ203.591028: 206985
 UQ856.591089: 212568
 UQ871.591078: 215709
 UQ626.591008: 222507
 UQ409.591088: 231209
 UQ578.591010: 232371
 UQ11020.591030: 248723
 UQ866.591116: 302741
 UQ857.591019: 403106
 UQ11012.591099: 421275
 UQ11117.0.8.591087: 435827
 UQ11126.0.3.591124: 560109
 UQ11125.591037: 614078
